#Rev: sensefly/geoinfo/3
fileName	latitude	longitude	altitude_wgs84
DSC05644.JPG	35.6389686840	139.5431190148	180.3926239014	
DSC05645.JPG	35.6390539646	139.5426420923	181.2674407959	
DSC05646.JPG	35.6391727693	139.5422083443	181.3745422363	
DSC05647.JPG	35.6392859088	139.5417598937	181.9719696045	
DSC05648.JPG	35.6393864332	139.5412913872	181.6169586182	
DSC05649.JPG	35.6394762255	139.5408482415	181.8930969238	
DSC05650.JPG	35.6395669828	139.5404058021	181.4246978760	
DSC05651.JPG	35.6396940396	139.5399469262	183.1119842529	
DSC05652.JPG	35.6397983339	139.5394985334	184.2943267822	
DSC05653.JPG	35.6399421893	139.5390295329	182.6404418945	
DSC05654.JPG	35.6400024897	139.5385711316	187.0757904053	
DSC05655.JPG	35.6400976748	139.5381147699	186.7333526611	
DSC05656.JPG	35.6402155653	139.5376975167	184.1368408203	
DSC05657.JPG	35.6403451042	139.5372464854	181.0062408447	
DSC05658.JPG	35.6404345949	139.5367815691	180.9365386963	
DSC05659.JPG	35.6405635235	139.5363585936	179.3972625732	
DSC05660.JPG	35.6406327393	139.5358461312	179.8991851807	
DSC05661.JPG	35.6407922084	139.5353828895	182.8996124268	
DSC05662.JPG	35.6412570708	139.5359704007	187.5342559814	
DSC05663.JPG	35.6412371126	139.5364194308	188.6740722656	
DSC05664.JPG	35.6410612050	139.5368866097	186.1648712158	
DSC05665.JPG	35.6409154026	139.5373115633	182.3255157471	
DSC05666.JPG	35.6408771138	139.5377812670	181.8173217773	
DSC05667.JPG	35.6407173168	139.5382698125	179.6200103760	
DSC05668.JPG	35.6405848837	139.5387677286	180.4926757812	
DSC05669.JPG	35.6405495852	139.5392235267	182.5384674072	
DSC05670.JPG	35.6404065933	139.5397060694	181.9082489014	
DSC05671.JPG	35.6402636316	139.5402059520	180.9364471436	
DSC05672.JPG	35.6401370731	139.5406972476	178.8462371826	
DSC05673.JPG	35.6400662082	139.5411919683	176.7400817871	
DSC05674.JPG	35.6399367631	139.5417253078	178.2822113037	
DSC05675.JPG	35.6397930252	139.5422260208	179.9247131348	
DSC05676.JPG	35.6396964029	139.5427293682	182.3869781494	
DSC05677.JPG	35.6395442847	139.5432493772	184.8746337891	
DSC05678.JPG	35.6394362565	139.5437841546	186.0975036621	
DSC05679.JPG	35.6401449831	139.5434228504	183.6566162109	
DSC05680.JPG	35.6402624473	139.5428646364	187.5368652344	
DSC05681.JPG	35.6403771832	139.5424206066	184.6764526367	
DSC05682.JPG	35.6404854911	139.5418926820	183.0111236572	
DSC05683.JPG	35.6405743138	139.5414431089	184.1323699951	
DSC05684.JPG	35.6406948835	139.5409799137	182.6430053711	
DSC05685.JPG	35.6407994000	139.5405336161	182.1391906738	
DSC05686.JPG	35.6409263938	139.5400822642	182.2366790771	
DSC05687.JPG	35.6410039004	139.5396324040	181.8651123047	
DSC05688.JPG	35.6411103893	139.5392160283	181.5235900879	
DSC05689.JPG	35.6412284871	139.5387935389	179.2135162354	
DSC05690.JPG	35.6413077362	139.5383400020	180.7437591553	
DSC05691.JPG	35.6414203886	139.5378823116	180.9113769531	
DSC05692.JPG	35.6415242063	139.5374141467	181.8148956299	
DSC05693.JPG	35.6416376063	139.5369949211	180.1716613770	
DSC05694.JPG	35.6417530350	139.5365407332	178.4132843018	
DSC05695.JPG	35.6418504273	139.5360925900	181.5014801025	
DSC05696.JPG	35.6419651399	139.5356346668	181.6305084229	
DSC05697.JPG	35.6424070214	139.5363350841	182.2912902832	
DSC05698.JPG	35.6423230018	139.5367813226	181.6827087402	
DSC05699.JPG	35.6421869407	139.5372718488	182.2170562744	
DSC05700.JPG	35.6420652956	139.5377332162	182.1709442139	
DSC05701.JPG	35.6420246965	139.5382115863	180.5179901123	
DSC05702.JPG	35.6418566554	139.5387093659	182.3496398926	
DSC05703.JPG	35.6417504084	139.5391392569	183.6983947754	
DSC05704.JPG	35.6416604876	139.5396088693	186.2249145508	
DSC05705.JPG	35.6415693722	139.5400831715	187.3105926514	
DSC05706.JPG	35.6414535888	139.5405311123	186.2707824707	
DSC05707.JPG	35.6413147334	139.5409855129	185.0791473389	
DSC05708.JPG	35.6412358759	139.5414193520	184.4550476074	
DSC05709.JPG	35.6411706676	139.5419199855	182.0955200195	
DSC05710.JPG	35.6410102148	139.5424424088	180.6721801758	
DSC05711.JPG	35.6408846399	139.5429079193	183.4715881348	
DSC05712.JPG	35.6407780442	139.5433447949	184.1807250977	
DSC05713.JPG	35.6406911694	139.5438159278	182.7230834961	
DSC05714.JPG	35.6412758546	139.5438425926	178.4612579346	
DSC05715.JPG	35.6413801180	139.5434055524	180.5628356934	
DSC05716.JPG	35.6415519947	139.5429386526	180.8098907471	
DSC05717.JPG	35.6416372191	139.5424051817	180.8445281982	
DSC05718.JPG	35.6417487035	139.5419002930	181.1758422852	
DSC05719.JPG	35.6418829172	139.5413888528	180.9161987305	
DSC05720.JPG	35.6420022517	139.5408602278	182.6781921387	
DSC05721.JPG	35.6421205949	139.5403960062	183.2032318115	
DSC05722.JPG	35.6422397569	139.5398824852	184.4342041016	
DSC05723.JPG	35.6423915993	139.5393341811	184.6660308838	
DSC05724.JPG	35.6425216725	139.5387855058	185.2913665771	
DSC05725.JPG	35.6426209287	139.5382808546	183.6325073242	
DSC05726.JPG	35.6427625851	139.5377792366	180.7392272949	
DSC05727.JPG	35.6429039357	139.5372261920	179.9463958740	
DSC05728.JPG	35.6430266447	139.5366598800	182.2955932617	
DSC05729.JPG	35.6426822185	139.5364557794	181.4579620361	
DSC05730.JPG	35.6426288883	139.5369151865	184.2832489014	
DSC05731.JPG	35.6424914996	139.5373652781	181.3702697754	
DSC05732.JPG	35.6424122438	139.5378143717	183.1710510254	
DSC05733.JPG	35.6422797330	139.5382713396	182.1138458252	
DSC05734.JPG	35.6422048719	139.5387082056	178.9672851562	
DSC05735.JPG	35.6420894619	139.5392226217	180.2558288574	
DSC05736.JPG	35.6419375681	139.5396591184	178.7929840088	
DSC05737.JPG	35.6418601309	139.5401543922	179.2447509766	
DSC05738.JPG	35.6417191262	139.5405815627	181.5307159424	
DSC05739.JPG	35.6416622129	139.5410542097	183.2743682861	
DSC05740.JPG	35.6415293745	139.5415300351	183.7961730957	
DSC05741.JPG	35.6414213780	139.5419918632	183.1327209473	
DSC05742.JPG	35.6412840210	139.5424721010	184.3192901611	
DSC05743.JPG	35.6412027620	139.5429423962	183.7074279785	
DSC05744.JPG	35.6410726259	139.5434242497	183.1996917725	
DSC05745.JPG	35.6409856198	139.5438811121	184.5680999756	
DSC05746.JPG	35.6404088381	139.5435510764	182.6990661621	
DSC05747.JPG	35.6405255946	139.5431034284	182.6200408936	
DSC05748.JPG	35.6406010267	139.5426422030	182.6487274170	
DSC05749.JPG	35.6407511933	139.5421939499	180.5053405762	
DSC05750.JPG	35.6408389557	139.5417409505	180.1894836426	
DSC05751.JPG	35.6409475694	139.5412961308	180.3687438965	
DSC05752.JPG	35.6410819512	139.5407946967	180.6991271973	
DSC05753.JPG	35.6411497982	139.5403421884	181.7249298096	
DSC05754.JPG	35.6412770108	139.5398963628	181.1925354004	
DSC05755.JPG	35.6413525288	139.5394535692	180.7101287842	
DSC05756.JPG	35.6414779356	139.5390097593	181.1461791992	
DSC05757.JPG	35.6415601947	139.5385806370	187.0842742920	
DSC05758.JPG	35.6416646092	139.5381541713	184.4863281250	
DSC05759.JPG	35.6417709383	139.5376927475	179.8005523682	
DSC05760.JPG	35.6419008058	139.5372344638	178.6234893799	
DSC05761.JPG	35.6419985779	139.5367581773	179.1476898193	
DSC05762.JPG	35.6421263394	139.5362967163	182.5373687744	
DSC05763.JPG	35.6422134624	139.5358230459	181.4804992676	
DSC05764.JPG	35.6415968029	139.5358241614	178.4732360840	
DSC05765.JPG	35.6415195416	139.5362917406	180.9562377930	
DSC05766.JPG	35.6414093243	139.5366879075	182.9346160889	
DSC05767.JPG	35.6413226021	139.5371083518	182.2254333496	
DSC05768.JPG	35.6412243773	139.5375921330	182.5133209229	
DSC05769.JPG	35.6410848484	139.5379878005	181.8259277344	
DSC05770.JPG	35.6409915941	139.5384762289	182.3780212402	
DSC05771.JPG	35.6408754128	139.5389257796	182.9142150879	
DSC05772.JPG	35.6407751117	139.5393758089	180.9779510498	
DSC05773.JPG	35.6407089762	139.5398449753	180.8911590576	
DSC05774.JPG	35.6405734989	139.5402405726	180.6881256104	
DSC05775.JPG	35.6404686776	139.5407284909	179.3640441895	
DSC05776.JPG	35.6402991321	139.5411830471	180.4454650879	
DSC05777.JPG	35.6402901359	139.5416867451	182.3009643555	
DSC05778.JPG	35.6401325197	139.5421411465	180.6245727539	
DSC05779.JPG	35.6400504310	139.5425935048	181.6093444824	
DSC05780.JPG	35.6399089009	139.5431068749	181.0643920898	
DSC05781.JPG	35.6397912320	139.5435911522	181.6673736572	
DSC05782.JPG	35.6392400750	139.5432000915	180.7544403076	
DSC05783.JPG	35.6393536161	139.5427426476	182.7971191406	
DSC05784.JPG	35.6394505070	139.5423048139	182.0407562256	
DSC05785.JPG	35.6396224798	139.5418257367	182.7478485107	
DSC05786.JPG	35.6396511863	139.5413654809	181.8435363770	
DSC05787.JPG	35.6398707093	139.5408387065	182.5933532715	
DSC05788.JPG	35.6399413521	139.5403156547	182.5746154785	
DSC05789.JPG	35.6400423958	139.5397472706	186.9062042236	
DSC05790.JPG	35.6402502166	139.5391732658	184.8024902344	
DSC05791.JPG	35.6403463159	139.5386548221	185.4892120361	
DSC05792.JPG	35.6404301392	139.5381486999	182.3571472168	
DSC05793.JPG	35.6405605613	139.5376845462	182.9666290283	
DSC05794.JPG	35.6406043023	139.5372247822	181.9967498779	
DSC05795.JPG	35.6407860874	139.5367915205	181.3730163574	
DSC05796.JPG	35.6408525355	139.5363125880	181.4392242432	
DSC05797.JPG	35.6409678036	139.5358761517	183.1557922363	
DSC05798.JPG	35.6410667330	139.5354325258	183.1275024414	
